10.930000 11.680000 
13.650000 15.380000 
16.570000 18.010000 
39.630000 41.860000 
43.170000 44.190000 
52.230000 54.040000 
61.850000 64.090000 
65.110000 66.740000 
71.440000 72.180000 
81.860000 83.660000 
94.470000 95.510000 
95.620000 96.230000 
122.440000 123.980000 
125.070000 126.560000 
127.830000 131.960000 
132.000000 132.070000 
139.650000 140.850000 
142.910000 143.070000 
146.110000 147.490000 
148.240000 148.580000 
152.280000 152.760000 
155.280000 158.010000 
174.450000 175.440000 
177.320000 181.590000 
183.670000 185.410000 
187.870000 189.080000 
191.630000 192.280000 
197.210000 200.940000 
204.460000 205.940000 
208.210000 209.440000 
216.210000 217.190000 
231.460000 231.940000 
