12.04 15.0
16.08 18.0
40.1 43.98
52.06 54.06
61.96 66.06
122.14 123.18
126.94 130.98
167.08 169.04
177.0 178.14
183.08 186.02
195.1 198.98
200.18 202.0
202.18 204.18
205.06 206.0
207.0 211.0
212.9 216.12
218.14 221.0
221.9 225.06
10.08 12.0
81.4 83.94
83.94 87.06
124.16 126.14
139.1 143.0
150.16 151.12
155.0 157.18
171.16 173.0
173.0 175.98
178.18 181.2
186.94 188.88
194.2 195.04
204.2 205.04
22.2 23.0
24.0 30.0
31.0 34.0
49.14 52.06
54.1 57.02
58.2 60.2
66.98 69.06
110.04 112.2
114.04 116.02
117.0 118.0
118.68 122.16
152.16 153.98
166.18 168.0
228.88 232.2
234.12 235.04
