3.230000 5.090000 
5.860000 7.110000 
7.400000 9.850000 
10.170000 10.920000 
11.940000 13.100000 
15.810000 16.560000 
22.780000 26.400000 
27.090000 30.420000 
30.760000 32.610000 
32.920000 34.140000 
34.260000 38.490000 
38.560000 38.570000 
39.120000 39.620000 
41.870000 42.770000 
42.880000 42.990000 
49.720000 52.220000 
54.220000 61.150000 
64.100000 65.100000 
66.970000 69.460000 
70.930000 71.430000 
73.780000 74.440000 
75.500000 76.430000 
86.280000 87.350000 
110.320000 113.110000 
114.390000 116.400000 
116.700000 118.290000 
118.930000 122.430000 
126.570000 127.820000 
149.540000 150.050000 
151.020000 152.270000 
152.770000 154.190000 
162.740000 164.020000 
165.380000 166.340000 
166.970000 169.360000 
175.450000 176.000000 
185.420000 186.350000 
187.110000 187.860000 
192.360000 193.280000 
195.200000 197.200000 
200.950000 204.450000 
205.950000 208.200000 
209.450000 216.200000 
217.200000 231.450000 
231.950000 239.540000 
