0.750000 0.930000 
2.760000 6.990000 
8.760000 10.620000 
10.670000 10.740000 
14.880000 16.950000 
17.090000 17.110000 
17.590000 17.740000 
17.810000 18.160000 
21.060000 21.250000 
21.380000 22.370000 
24.970000 26.290000 
27.560000 31.790000 
37.880000 38.550000 
39.690000 39.750000 
41.000000 41.990000 
43.010000 45.000000 
45.460000 48.320000 
53.420000 57.010000 
58.220000 58.520000 
60.220000 60.330000 
66.600000 67.230000 
75.350000 76.950000 
79.840000 81.030000 
81.060000 81.120000 
83.510000 83.610000 
83.910000 84.480000 
86.410000 86.720000 
90.050000 90.900000 
96.200000 96.780000 
106.020000 109.500000 
121.360000 122.600000 
124.080000 124.620000 
124.650000 124.910000 
125.830000 125.880000 
125.950000 127.810000 
129.460000 129.690000 
133.730000 136.280000 
144.060000 145.930000 
145.980000 146.010000 
146.320000 146.360000 
146.900000 146.920000 
150.880000 151.610000 
157.710000 157.940000 
