0.210000 0.700000 
1.250000 2.750000 
7.000000 8.750000 
14.120000 14.870000 
19.090000 20.590000 
22.380000 24.530000 
26.800000 27.550000 
31.800000 32.850000 
33.710000 35.150000 
35.640000 37.060000 
40.020000 40.090000 
42.000000 43.000000 
57.240000 57.290000 
61.620000 62.430000 
63.480000 65.460000 
68.870000 70.020000 
72.080000 74.710000 
89.540000 90.040000 
98.280000 102.480000 
103.320000 103.700000 
105.010000 106.010000 
109.510000 111.290000 
117.050000 118.220000 
118.840000 119.510000 
122.610000 123.470000 
125.430000 125.460000 
128.950000 129.450000 
129.700000 130.330000 
131.720000 132.620000 
137.590000 140.720000 
141.600000 143.600000 
146.210000 146.250000 
146.410000 146.790000 
148.090000 149.310000 
150.370000 150.870000 
151.620000 153.060000 
153.790000 154.670000 
155.750000 156.700000 
159.450000 160.260000 
161.510000 162.260000 
171.370000 172.710000 
174.050000 174.860000 
179.210000 179.710000 
