11.080000 12.550000 
14.500000 15.400000 
18.190000 20.690000 
22.440000 26.190000 
26.690000 28.110000 
29.330000 29.340000 
29.440000 29.510000 
29.540000 29.580000 
29.910000 30.560000 
40.280000 40.780000 
41.780000 46.320000 
46.650000 48.820000 
49.560000 51.960000 
54.400000 57.270000 
57.810000 58.730000 
59.960000 60.710000 
64.450000 65.040000 
65.950000 66.450000 
66.700000 67.400000 
76.300000 78.180000 
79.520000 82.090000 
83.650000 84.160000 
85.500000 86.650000 
88.060000 88.470000 
88.800000 90.940000 
91.360000 95.930000 
95.960000 96.070000 
96.510000 97.550000 
97.830000 98.030000 
109.050000 112.220000 
112.630000 113.340000 
113.920000 113.940000 
113.980000 115.230000 
116.230000 119.360000 
119.390000 119.410000 
119.470000 119.490000 
119.760000 119.850000 
120.620000 125.340000 
126.570000 127.810000 
128.210000 128.770000 
129.720000 130.070000 
130.230000 130.360000 
132.870000 133.140000 
133.400000 133.450000 
137.190000 138.740000 
139.450000 140.150000 
141.460000 142.280000 
143.050000 150.550000 
151.050000 151.590000 
153.180000 154.390000 
155.390000 155.660000 
158.810000 159.630000 
160.580000 161.790000 
161.890000 162.750000 
163.370000 165.020000 
166.790000 168.250000 
168.360000 170.840000 
170.880000 170.910000 
170.950000 171.020000 
171.200000 171.250000 
172.190000 173.820000 
174.250000 174.750000 
177.530000 178.600000 
179.220000 180.470000 
181.720000 183.350000 
183.750000 184.750000 
